                  Open        High         Low       Close   Adj Close  \
Date                                                                     
2017-04-19  141.350006  143.039993  141.270004  142.270004  142.270004   
2017-04-20  142.949997  144.250000  142.690002  143.800003  143.800003   
2017-04-21  143.899994  144.169998  142.270004  143.679993  143.679993   
2017-04-24  144.960007  145.669998  144.339996  145.470001  145.470001   
2017-04-25  145.789993  147.149994  145.789993  146.490005  146.490005   
2017-04-26  147.089996  147.589996  146.089996  146.559998  146.559998   
2017-04-27  146.669998  147.750000  146.139999  147.699997  147.699997   
2017-04-28  149.500000  151.529999  149.070007  150.250000  150.250000   
2017-05-01  151.740005  152.570007  151.419998  152.460007  152.460007   
2017-05-02  153.339996  153.440002  151.660004  152.779999  152.779999   
2017-05-03  153.600006  153.600006  151.339996  151.800003  151.800003   
2017-05-04  150.169998  151.520004  148.720001  150.850006  150.850006   
2017-05-05  151.449997  151.630005  149.789993  150.240005  150.240005   
2017-05-08  150.710007  151.080002  149.740005  151.059998  151.059998   
2017-05-09  151.490005  152.589996  150.210007  150.479996  150.479996   
2017-05-10  150.229996  150.520004  148.860001  150.289993  150.289993   
2017-05-11  150.309998  150.649994  149.410004  150.039993  150.039993   
2017-05-12  150.399994  150.460007  149.630005  150.330002  150.330002   
2017-05-15  150.169998  151.479996  149.770004  150.190002  150.190002   
2017-05-16  150.110001  150.210007  149.029999  149.779999  149.779999   
2017-05-17  148.000000  148.669998  144.419998  144.850006  144.850006   
2017-05-18  144.720001  148.149994  144.509995  147.660004  147.660004   
2017-05-19  148.449997  149.389999  147.960007  148.059998  148.059998   
2017-05-22  148.080002  148.589996  147.690002  148.240005  148.240005   
2017-05-23  148.520004  148.809998  147.250000  148.070007  148.070007   
2017-05-24  148.509995  150.229996  148.419998  150.039993  150.039993   
2017-05-25  150.300003  152.589996  149.949997  151.960007  151.960007   
2017-05-26  152.229996  152.250000  151.149994  152.130005  152.130005   
2017-05-30  151.970001  152.899994  151.639999  152.380005  152.380005   
2017-05-31  152.699997  153.350006  151.089996  151.460007  151.460007   
...                ...         ...         ...         ...         ...   
2018-03-07  178.740005  183.820007  178.070007  183.710007  183.710007   
2018-03-08  183.559998  184.399994  181.449997  182.339996  182.339996   
2018-03-09  183.910004  185.509995  183.210007  185.229996  185.229996   
2018-03-12  185.229996  186.100006  184.220001  184.759995  184.759995   
2018-03-13  185.610001  185.990005  181.110001  181.880005  181.880005   
2018-03-14  182.600006  184.250000  181.850006  184.190002  184.190002   
2018-03-15  183.240005  184.000000  182.190002  183.860001  183.860001   
2018-03-16  184.490005  185.330002  183.410004  185.089996  185.089996   
2018-03-19  177.009995  177.169998  170.059998  172.559998  172.559998   
2018-03-20  167.470001  170.199997  161.949997  168.149994  168.149994   
2018-03-21  164.800003  173.399994  163.300003  169.389999  169.389999   
2018-03-22  166.130005  170.270004  163.720001  164.889999  164.889999   
2018-03-23  165.440002  166.600006  159.020004  159.389999  159.389999   
2018-03-26  160.820007  161.100006  149.020004  160.059998  160.059998   
2018-03-27  156.309998  162.850006  150.750000  152.220001  152.220001   
2018-03-28  151.649994  155.880005  150.800003  153.029999  153.029999   
2018-03-29  155.149994  161.419998  154.139999  159.789993  159.789993   
2018-04-02  157.809998  159.199997  154.110001  155.389999  155.389999   
2018-04-03  156.550003  157.389999  150.809998  156.110001  156.110001   
2018-04-04  152.029999  155.559998  150.509995  155.100006  155.100006   
2018-04-05  161.559998  161.570007  156.649994  159.339996  159.339996   
2018-04-06  157.729996  161.419998  156.809998  157.199997  157.199997   
2018-04-09  157.820007  160.529999  156.039993  157.929993  157.929993   
2018-04-10  157.929993  165.979996  157.009995  165.039993  165.039993   
2018-04-11  165.360001  168.649994  163.250000  166.320007  166.320007   
2018-04-12  166.979996  167.449997  163.100006  163.869995  163.869995   
2018-04-13  164.580002  165.699997  163.770004  164.520004  164.520004   
2018-04-16  165.720001  165.779999  163.389999  164.830002  164.830002   
2018-04-17  165.830002  169.000000  165.660004  168.660004  168.660004   
2018-04-18  166.880005  168.119995  165.770004  166.360001  166.360001   

               Volume  
Date                   
2017-04-19   15563900  
2017-04-20   15968200  
2017-04-21   12382000  
2017-04-24   14407200  
2017-04-25   17767500  
2017-04-26   12395000  
2017-04-27   11275100  
2017-04-28   30568000  
2017-05-01   25218300  
2017-05-02   21870400  
2017-05-03   29782500  
2017-05-04   36225500  
2017-05-05   17148500  
2017-05-08   15827500  
2017-05-09   17453900  
2017-05-10   12080700  
2017-05-11   11841900  
2017-05-12    9598200  
2017-05-15   15064700  
2017-05-16   14550800  
2017-05-17   28300100  
2017-05-18   23031600  
2017-05-19   16187900  
2017-05-22   12586700  
2017-05-23   12817800  
2017-05-24   17862400  
2017-05-25   19891400  
2017-05-26   14996200  
2017-05-30   13226000  
2017-05-31   18023900  
...               ...  
2018-03-07   19097300  
2018-03-08   17225900  
2018-03-09   18526300  
2018-03-12   15301200  
2018-03-13   18067500  
2018-03-14   16821700  
2018-03-15   15614300  
2018-03-16   24403400  
2018-03-19   88140100  
2018-03-20  129851800  
2018-03-21  106598800  
2018-03-22   73743000  
2018-03-23   53609700  
2018-03-26  126116600  
2018-03-27   79117000  
2018-03-28   60029200  
2018-03-29   59434300  
2018-04-02   36796000  
2018-04-03   42543900  
2018-04-04   49885600  
2018-04-05   41449600  
2018-04-06   41644800  
2018-04-09   34915200  
2018-04-10   57889300  
2018-04-11   56144600  
2018-04-12   38263000  
2018-04-13   19990600  
2018-04-16   18119400  
2018-04-17   22743000  
2018-04-18   20228100  

[252 rows x 6 columns]