                  Open        High         Low       Close   Adj Close  \
Date                                                                     
2017-08-10  170.059998  170.589996  166.850006  167.399994  167.399994   
2017-08-11  167.949997  168.820007  166.850006  168.080002  168.080002   
2017-08-14  170.089996  171.080002  169.289993  170.750000  170.750000   
2017-08-15  171.490005  171.500000  170.009995  171.000000  171.000000   
2017-08-16  171.250000  171.380005  169.240005  170.000000  170.000000   
2017-08-17  169.339996  169.860001  166.850006  166.910004  166.910004   
2017-08-18  166.839996  168.669998  166.210007  167.410004  167.410004   
2017-08-21  167.160004  168.000000  165.820007  167.779999  167.779999   
2017-08-22  168.279999  169.869995  167.149994  169.639999  169.639999   
2017-08-23  168.839996  169.360001  168.199997  168.710007  168.710007   
2017-08-24  168.880005  169.289993  166.410004  167.740005  167.740005   
2017-08-25  167.860001  168.380005  166.179993  166.320007  166.320007   
2017-08-28  166.910004  167.699997  166.330002  167.240005  167.240005   
2017-08-29  165.250000  168.429993  165.000000  168.050003  168.050003   
2017-08-30  168.169998  170.179993  167.630005  169.919998  169.919998   
2017-08-31  170.399994  172.149994  170.059998  171.970001  171.970001   
2017-09-01  172.399994  172.919998  171.309998  172.020004  172.020004   
2017-09-05  171.270004  172.389999  169.550003  170.720001  170.720001   
2017-09-06  170.910004  172.479996  169.570007  172.089996  172.089996   
2017-09-07  171.940002  173.309998  170.270004  173.210007  173.210007   
2017-09-08  173.089996  173.490005  170.800003  170.949997  170.949997   
2017-09-11  172.399994  173.889999  172.199997  173.509995  173.509995   
2017-09-12  173.759995  174.000000  171.750000  172.960007  172.960007   
2017-09-13  173.009995  173.169998  172.059998  173.050003  173.050003   
2017-09-14  172.259995  172.279999  170.500000  170.960007  170.960007   
2017-09-15  170.880005  172.339996  170.259995  171.639999  171.639999   
2017-09-18  171.990005  172.070007  169.339996  170.009995  170.009995   
2017-09-19  170.619995  172.559998  170.360001  172.520004  172.520004   
2017-09-20  172.500000  173.050003  170.699997  172.169998  172.169998   
2017-09-21  171.690002  172.270004  170.009995  171.110001  171.110001   
...                ...         ...         ...         ...         ...   
2018-06-20  199.100006  203.550003  198.809998  202.000000  202.000000   
2018-06-21  202.759995  203.389999  200.089996  201.500000  201.500000   
2018-06-22  201.160004  202.240005  199.309998  201.740005  201.740005   
2018-06-25  200.000000  200.000000  193.110001  196.350006  196.350006   
2018-06-26  197.600006  199.100006  196.229996  199.000000  199.000000   
2018-06-27  199.179993  200.750000  195.800003  195.839996  195.839996   
2018-06-28  195.179993  197.339996  193.259995  196.229996  196.229996   
2018-06-29  197.320007  197.600006  193.960007  194.320007  194.320007   
2018-07-02  193.369995  197.449997  192.220001  197.360001  197.360001   
2018-07-03  194.550003  195.399994  192.520004  192.729996  192.729996   
2018-07-05  194.740005  198.649994  194.029999  198.449997  198.449997   
2018-07-06  198.449997  203.639999  197.699997  203.229996  203.229996   
2018-07-09  204.929993  205.800003  202.119995  204.740005  204.740005   
2018-07-10  204.500000  204.910004  202.259995  203.539993  203.539993   
2018-07-11  202.220001  204.500000  201.750000  202.539993  202.539993   
2018-07-12  203.429993  207.080002  203.190002  206.919998  206.919998   
2018-07-13  207.809998  208.429993  206.449997  207.320007  207.320007   
2018-07-16  207.500000  208.720001  206.839996  207.229996  207.229996   
2018-07-17  204.899994  210.460007  204.839996  209.990005  209.990005   
2018-07-18  209.820007  210.990005  208.440002  209.360001  209.360001   
2018-07-19  208.770004  209.990005  207.759995  208.089996  208.089996   
2018-07-20  208.850006  211.500000  208.500000  209.940002  209.940002   
2018-07-23  210.580002  211.619995  208.800003  210.910004  210.910004   
2018-07-24  215.110001  216.199997  212.600006  214.669998  214.669998   
2018-07-25  215.720001  218.619995  214.270004  217.500000  217.500000   
2018-07-26  174.889999  180.130005  173.750000  176.259995  176.259995   
2018-07-27  179.869995  179.929993  173.000000  174.889999  174.889999   
2018-07-30  175.300003  175.300003  166.559998  171.059998  171.059998   
2018-07-31  170.669998  174.240005  170.000000  172.580002  172.580002   
2018-08-01  173.929993  175.080002  170.899994  171.649994  171.649994   

               Volume  
Date                   
2017-08-10   20832700  
2017-08-11   13791200  
2017-08-14   12954200  
2017-08-15    8729200  
2017-08-16   15779900  
2017-08-17   17216000  
2017-08-18   15093600  
2017-08-21   11907500  
2017-08-22   11391000  
2017-08-23    9856500  
2017-08-24   14030400  
2017-08-25   12614500  
2017-08-28    8553700  
2017-08-29   11121000  
2017-08-30   11138300  
2017-08-31   17226500  
2017-09-01   11677600  
2017-09-05   13210900  
2017-09-06   13906300  
2017-09-07   18049500  
2017-09-08   10998500  
2017-09-11   12372000  
2017-09-12   11186300  
2017-09-13    9119300  
2017-09-14   15615700  
2017-09-15   15660500  
2017-09-18   12954000  
2017-09-19   13168600  
2017-09-20   12264100  
2017-09-21   11161400  
...               ...  
2018-06-20   28230900  
2018-06-21   19045700  
2018-06-22   17420200  
2018-06-25   25275100  
2018-06-26   17897600  
2018-06-27   18734400  
2018-06-28   18172400  
2018-06-29   15811600  
2018-07-02   13961600  
2018-07-03   13489500  
2018-07-05   19684200  
2018-07-06   19740100  
2018-07-09   18149400  
2018-07-10   13190100  
2018-07-11   12927400  
2018-07-12   15454700  
2018-07-13   11486800  
2018-07-16   11078200  
2018-07-17   15349900  
2018-07-18   15334900  
2018-07-19   11350400  
2018-07-20   16163900  
2018-07-23   16732000  
2018-07-24   28468700  
2018-07-25   58954200  
2018-07-26  169803700  
2018-07-27   60073700  
2018-07-30   65280800  
2018-07-31   40356500  
2018-08-01   33997400  

[246 rows x 6 columns]